64 302 224 139 218 423 216 150 184 370 127 123 142 389 207 213 67 438 0 265 134 0 350 142 139 400 0 288 114 319 138 242 0 216 260 223 480 322 116 94 285 126 199 173 159 135 115 176 272 104 173 0 134 142 281 232 285 203 115 313 64 252 47 373 116 299 334 103 95 269 416 103 150 202 78 87 222 305 111 225 239 178 273 170 100 609 363 128 197 432 314 27 91 273 276 266 50 0 147 0 184 
302 1366 760 757 928 1930 890 557 715 1967 512 690 869 956 899 1219 434 1886 0 669 649 0 962 564 573 1209 0 852 520 1213 675 752 0 1058 1020 767 1858 881 490 587 856 623 819 653 586 595 644 569 1107 661 834 0 350 588 1051 1371 1594 1110 427 1173 208 714 224 1795 631 1140 1356 452 561 935 1509 436 857 743 361 393 491 1000 181 973 911 739 762 699 811 1527 1114 649 926 1264 501 179 730 797 1015 818 26 0 384 0 475 
224 760 542 497 717 1100 692 374 538 1123 458 536 529 812 630 754 296 1222 0 550 488 0 840 441 403 821 0 640 341 689 579 650 0 586 871 645 1841 677 466 396 742 466 824 554 459 719 356 490 858 454 603 0 307 456 636 743 777 999 259 1154 157 470 181 1282 561 856 1171 355 471 643 1041 380 554 632 231 346 458 863 144 749 765 499 513 619 488 1057 915 374 804 1031 432 124 531 641 717 672 19 0 281 0 344 
139 757 497 278 366 661 676 205 298 618 262 264 235 728 545 411 370 858 0 484 413 0 793 254 279 597 0 435 188 486 311 426 0 659 430 398 763 424 273 173 608 188 307 214 249 246 214 272 624 249 426 0 204 224 447 406 456 538 281 717 137 363 140 670 349 465 789 231 201 472 714 170 359 540 122 189 412 507 157 387 426 279 520 344 366 848 592 218 418 1054 251 50 296 461 473 387 18 0 169 0 209 
218 928 717 366 506 1003 637 363 519 996 517 382 386 1428 690 580 292 1411 0 781 558 0 928 459 412 1071 0 688 397 864 529 649 0 686 673 649 1264 826 458 311 1158 299 464 384 584 391 360 439 1019 332 690 0 421 374 742 520 650 628 343 1294 314 595 141 1049 516 810 1152 388 300 783 1195 323 429 639 160 333 675 823 215 597 765 490 861 572 426 1402 1040 328 569 1646 496 71 384 602 833 569 38 0 312 0 308 
423 1930 1100 661 1003 2066 1129 779 1125 1900 834 739 767 1677 1066 1071 503 2804 0 1313 818 0 1369 759 692 2107 0 1508 603 1424 807 1372 0 1430 1138 992 2309 1629 768 635 1251 592 901 641 775 594 564 753 1613 688 1144 0 705 670 1406 926 1267 1072 576 1505 349 1037 318 2198 766 1487 1872 589 615 1568 1811 446 733 832 356 637 868 1511 209 1151 1302 789 1313 1136 788 2535 1558 626 976 2009 776 152 634 997 1481 943 57 0 619 0 501 
216 890 692 676 637 1129 560 408 471 1140 526 426 668 958 581 994 226 1365 0 583 408 0 793 468 391 1099 0 517 294 1154 755 605 0 575 801 534 1286 725 468 511 764 460 590 463 476 452 396 355 714 611 590 0 382 474 845 799 900 780 287 1191 199 588 162 1011 456 752 995 322 369 743 1096 518 507 560 246 281 444 739 149 702 564 511 682 506 381 1012 849 639 658 958 440 111 361 607 809 679 19 0 301 0 379 
150 557 374 205 363 779 408 278 379 672 261 219 252 581 318 378 143 817 0 596 295 0 531 281 403 672 0 642 236 508 288 466 0 441 416 429 904 539 239 197 478 182 360 278 232 242 214 293 542 240 344 0 219 289 426 361 465 372 217 563 121 364 124 731 253 481 662 238 238 485 669 142 297 326 149 233 275 549 91 635 468 321 472 450 206 1043 594 258 381 753 319 42 182 418 442 341 32 0 321 0 188 
184 715 538 298 519 1125 471 379 354 940 469 370 419 723 426 475 189 1444 0 371 272 0 573 369 295 834 0 441 272 864 299 519 0 489 495 507 1019 529 257 398 630 373 591 304 355 352 223 315 569 296 712 0 304 387 892 522 624 554 204 504 183 504 138 794 344 812 733 166 278 608 871 202 347 302 203 234 349 563 70 527 599 438 559 369 293 854 602 328 510 675 337 94 269 484 680 447 13 0 238 0 240 
370 1967 1123 618 996 1900 1140 672 940 1672 808 736 614 1731 1085 963 611 2815 0 1090 786 0 1518 790 664 1801 0 1172 596 1407 800 1177 0 1468 1147 934 2145 1223 799 620 1280 616 755 673 746 566 529 688 1831 623 1080 0 614 600 1284 935 1171 1168 713 1589 405 873 238 1814 807 1370 2227 492 601 1205 1647 421 737 805 253 578 1095 1638 241 1043 1182 777 1488 908 803 2362 1456 634 1061 2240 720 156 653 968 1475 824 52 0 439 0 419 
127 512 458 262 517 834 526 261 469 808 432 359 386 725 378 531 155 885 0 408 353 0 577 344 352 687 0 572 271 608 404 487 0 325 628 489 1517 541 344 321 611 351 794 489 305 606 204 551 554 270 538 0 312 360 609 500 545 608 142 653 112 467 171 881 355 683 868 237 315 529 886 294 432 361 181 264 376 723 97 507 818 392 418 450 302 832 690 271 531 708 551 68 323 559 537 665 31 0 256 0 298 
123 690 536 264 382 739 426 219 370 736 359 274 353 731 434 479 220 1060 0 496 388 0 584 303 289 758 0 437 223 658 266 558 0 594 472 387 855 519 271 241 659 252 409 262 287 239 239 264 586 222 468 0 316 341 770 430 577 434 240 675 168 526 101 681 317 578 682 205 183 607 988 176 258 393 166 203 367 528 110 369 527 354 555 361 290 897 657 228 411 1083 299 57 258 416 534 422 18 0 267 0 263 
142 869 529 235 386 767 668 252 419 614 386 353 244 659 455 413 281 973 0 454 444 0 604 431 415 647 0 504 201 490 405 385 0 525 436 324 963 422 362 267 555 259 384 418 250 279 222 358 678 287 532 0 240 297 526 474 502 551 248 642 106 398 178 774 409 606 1139 282 248 539 704 202 393 326 150 311 349 576 70 442 724 318 486 381 419 792 603 303 438 777 318 57 313 411 558 394 12 0 172 0 180 
389 956 812 728 1428 1677 958 581 723 1731 725 731 659 1152 840 1221 358 1908 0 679 496 0 1222 719 556 1284 0 915 581 1136 892 968 0 744 1707 1320 2601 977 738 597 957 802 1216 781 580 1104 549 647 1165 695 880 0 475 878 1008 1179 1038 1466 399 1263 243 722 247 1660 694 1396 1535 411 984 807 1487 461 689 673 335 556 697 1650 186 1538 957 855 786 1184 480 1589 1310 536 1584 1284 684 250 535 1319 1012 958 30 0 486 0 504 
207 899 630 545 690 1066 581 318 426 1085 378 434 455 840 554 735 287 1186 0 525 458 0 771 573 420 914 0 573 293 735 551 534 0 655 1000 523 1218 688 413 345 640 474 508 428 394 424 534 387 764 375 495 0 288 475 706 948 1002 862 432 1135 159 552 156 1026 466 765 958 481 379 651 1074 299 475 474 231 262 439 781 145 736 598 466 601 535 425 1247 870 432 719 1069 384 137 366 606 697 566 35 0 297 0 363 
213 1219 754 411 580 1071 994 378 475 963 531 479 413 1221 735 590 549 1398 0 571 563 0 884 504 397 877 0 620 305 803 538 529 0 790 705 550 1256 646 504 432 845 455 568 449 413 434 324 576 902 394 898 0 336 427 728 756 737 1028 356 947 208 546 212 1027 743 795 1237 389 359 812 965 310 645 538 216 378 581 760 132 635 788 408 677 532 685 999 827 420 656 1086 454 106 457 655 727 628 15 0 232 0 292 
67 434 296 370 292 503 226 143 189 611 155 220 281 358 287 549 126 496 0 248 224 0 308 165 194 337 0 226 134 411 231 207 0 289 361 257 490 260 154 173 327 215 257 166 160 188 184 155 267 273 194 0 123 176 319 441 606 350 134 459 71 255 70 445 168 267 295 138 164 300 542 160 205 427 110 83 180 300 144 262 232 189 252 196 192 413 367 208 273 466 193 63 188 257 272 281 18 0 122 0 182 
438 1886 1222 858 1411 2804 1365 817 1444 2815 885 1060 973 1908 1186 1398 496 2962 0 1237 956 0 1636 958 957 2144 0 1785 1029 1744 996 1437 0 1410 1534 1303 3390 1624 967 740 1525 824 1311 988 968 965 712 1186 2104 950 1386 0 781 885 1552 1384 1958 1476 604 1812 433 1208 366 2868 880 1856 2268 660 912 1469 2541 571 1005 1076 477 774 1018 2146 289 1456 1919 1129 1433 1257 942 2987 1929 740 1431 2551 942 216 849 1191 1629 1256 68 0 703 0 680 
0 0 0 0 0 0 0 0 0 0 0 0 0 0 0 0 0 0 0 0 0 0 0 0 0 0 0 0 0 0 0 0 0 0 0 0 0 0 0 0 0 0 0 0 0 0 0 0 0 0 0 0 0 0 0 0 0 0 0 0 0 0 0 0 0 0 0 0 0 0 0 0 0 0 0 0 0 0 0 0 0 0 0 0 0 0 0 0 0 0 0 0 0 0 0 0 0 0 0 0 0 
265 669 550 484 781 1313 583 596 371 1090 408 496 454 679 525 571 248 1237 0 368 257 0 708 587 333 819 0 487 319 764 522 520 0 463 866 607 1255 582 417 435 489 510 548 439 343 402 346 308 726 532 545 0 263 678 707 739 721 1064 256 694 116 469 127 965 489 905 916 252 485 618 854 236 404 396 342 345 382 764 83 1013 527 486 473 524 320 894 754 400 963 660 357 153 284 694 670 499 14 0 309 0 316 
134 649 488 413 558 818 408 295 272 786 353 388 444 496 458 563 224 956 0 257 262 0 525 362 268 506 0 278 179 596 372 376 0 384 606 343 931 305 279 558 386 559 421 386 222 283 274 284 491 302 373 0 169 390 575 889 798 901 213 592 82 392 107 598 509 529 701 211 287 449 663 239 383 306 179 193 291 462 81 519 377 307 341 270 344 584 517 518 592 481 260 136 284 477 398 395 10 0 182 0 249 
0 0 0 0 0 0 0 0 0 0 0 0 0 0 0 0 0 0 0 0 0 10 0 0 0 0 11 0 0 0 0 0 0 0 0 0 0 0 0 0 0 0 0 0 0 0 0 0 0 0 0 11 0 0 0 0 0 0 0 0 0 0 0 0 0 0 0 0 0 0 0 0 0 0 0 0 0 0 0 0 0 0 0 0 0 0 0 0 0 0 0 0 0 0 0 0 0 0 0 0 0 
350 962 840 793 928 1369 793 531 573 1518 577 584 604 1222 771 884 308 1636 0 708 525 0 956 567 442 1299 0 741 412 1004 747 674 0 718 1222 723 1602 1175 483 401 945 476 756 522 780 613 476 515 919 492 750 0 436 562 904 873 989 980 367 1481 256 730 186 1561 519 1180 1176 435 492 964 1689 615 569 650 311 344 562 923 176 814 857 600 785 700 453 1377 1165 442 883 1296 570 165 451 797 1202 1037 41 0 386 0 647 
142 564 441 254 459 759 468 281 369 790 344 303 431 719 573 504 165 958 0 587 362 0 567 298 326 687 0 452 249 673 343 471 0 419 471 478 1180 481 305 296 800 293 491 419 335 384 225 280 569 277 494 0 272 342 601 509 505 522 166 688 161 427 103 777 359 638 808 198 261 551 800 237 344 435 154 246 342 527 124 462 525 494 473 381 313 798 747 299 482 860 385 68 314 511 507 447 17 0 244 0 233 
139 573 403 279 412 692 391 403 295 664 352 289 415 556 420 397 194 957 0 333 268 0 442 326 194 564 0 371 195 513 350 390 0 398 429 304 789 407 289 453 420 347 385 250 245 222 186 247 607 283 374 0 196 355 519 469 495 689 175 537 97 357 122 658 386 491 657 192 251 601 594 187 266 283 203 225 294 457 60 456 390 273 386 301 289 586 492 299 486 539 259 82 236 386 481 367 10 0 186 0 215 
400 1209 821 597 1071 2107 1099 672 834 1801 687 758 647 1284 914 877 337 2144 0 819 506 0 1299 687 564 1570 0 1019 577 1225 737 1011 0 890 1130 1136 2442 1176 599 525 1094 590 891 760 747 750 514 620 1255 593 1041 0 542 676 1119 978 1078 1081 398 1223 270 831 253 1984 646 1669 1673 406 655 977 1559 449 738 671 335 552 691 1269 206 1189 1141 930 922 866 599 2045 1520 535 1092 1529 659 181 562 1010 1348 878 49 0 496 0 481 
0 0 0 0 0 0 0 0 0 0 0 0 0 0 0 0 0 0 0 0 0 11 0 0 0 0 10 0 0 0 0 0 0 0 0 0 0 0 0 0 0 0 0 0 0 0 0 0 0 0 0 11 0 0 0 0 0 0 0 0 0 0 0 0 0 0 0 0 0 0 0 0 0 0 0 0 0 0 0 0 0 0 0 0 0 0 0 0 0 0 0 0 0 0 0 0 0 0 0 0 0 
288 852 640 435 688 1508 517 642 441 1172 572 437 504 915 573 620 226 1785 0 487 278 0 741 452 371 1019 0 534 345 1103 491 614 0 600 645 677 1180 723 314 615 653 465 549 379 482 372 290 326 747 425 704 0 332 453 871 672 732 752 282 700 219 495 155 1016 404 983 950 205 359 695 955 281 421 379 244 256 465 704 94 875 607 539 712 469 327 1105 735 500 677 780 428 119 299 634 950 491 19 0 284 0 279 
114 520 341 188 397 603 294 236 272 596 271 223 201 581 293 305 134 1029 0 319 179 0 412 249 195 577 0 345 218 564 223 353 0 374 373 331 643 381 254 226 405 236 290 184 247 187 125 205 519 201 385 0 203 195 442 271 355 356 185 405 195 273 74 509 202 427 551 106 218 359 548 126 187 214 81 169 327 577 57 315 332 258 565 281 179 658 435 195 354 594 230 66 151 316 447 251 10 0 127 0 125 
319 1213 689 486 864 1424 1154 508 864 1407 608 658 490 1136 735 803 411 1744 0 764 596 0 1004 673 513 1225 0 1103 564 940 761 823 0 912 993 816 2025 909 864 417 896 474 732 677 541 642 400 630 1492 744 1031 0 454 608 786 742 842 1045 409 1119 234 614 259 1800 699 1093 1830 427 767 912 1195 370 627 570 277 750 653 1490 122 998 1077 655 835 1013 659 1537 1137 423 1012 1332 527 135 532 765 964 672 22 0 363 0 325 
138 675 579 311 529 807 755 288 299 800 404 266 405 892 551 538 231 996 0 522 372 0 747 343 350 737 0 491 223 761 410 403 0 449 562 509 1054 518 321 307 820 299 672 347 358 437 239 378 550 274 582 0 272 372 674 575 543 604 207 749 186 493 170 761 378 630 804 240 282 634 939 378 514 450 206 249 400 572 123 493 566 419 680 410 313 818 722 344 539 856 440 66 291 747 606 752 21 0 242 0 363 
242 752 650 426 649 1372 605 466 519 1177 487 558 385 968 534 529 207 1437 0 520 376 0 674 471 390 1011 0 614 353 823 403 566 0 523 698 592 1296 839 323 339 759 379 547 445 500 426 303 445 690 364 841 0 383 411 821 635 729 664 220 743 199 588 146 1140 388 1143 975 249 352 693 1244 279 402 432 217 306 415 685 102 628 915 506 578 492 370 1072 873 319 629 939 474 128 330 582 852 556 20 0 275 0 327 
0 0 0 0 0 0 0 0 0 0 0 0 0 0 0 0 0 0 0 0 0 0 0 0 0 0 0 0 0 0 0 0 0 0 0 0 0 0 0 0 0 0 0 0 0 0 0 0 0 0 0 0 0 0 0 0 0 0 0 0 0 0 0 0 0 0 0 0 0 0 0 0 0 0 0 0 0 0 0 0 0 0 0 0 0 0 0 0 0 0 0 0 0 0 0 0 0 0 0 0 0 
216 1058 586 659 686 1430 575 441 489 1468 325 594 525 744 655 790 289 1410 0 463 384 0 718 419 398 890 0 600 374 912 449 523 0 662 711 542 1184 658 356 361 583 470 509 370 415 352 356 381 774 590 592 0 261 415 729 824 1147 806 283 800 168 499 123 1158 415 829 872 265 403 651 1076 280 477 674 258 263 408 715 174 663 631 477 607 446 475 1075 821 437 679 905 348 154 396 549 723 546 20 0 264 0 331 
260 1020 871 430 673 1138 801 416 495 1147 628 472 436 1707 1000 705 361 1534 0 866 606 0 1222 471 429 1130 0 645 373 993 562 698 0 711 764 923 1391 862 488 378 1386 402 575 443 559 482 362 441 941 381 751 0 476 471 859 662 713 781 312 1292 345 712 180 1007 583 948 1212 375 348 858 1328 296 482 923 201 366 847 830 350 698 789 566 940 631 472 1374 1341 365 726 1809 639 108 398 895 855 695 43 0 364 0 378 
223 767 645 398 649 992 534 429 507 934 489 387 324 1320 523 550 257 1303 0 607 343 0 723 478 304 1136 0 677 331 816 509 592 0 542 923 588 1259 946 475 319 754 424 522 427 458 424 329 553 766 345 634 0 430 414 694 512 565 683 292 872 230 547 128 949 390 845 963 299 368 692 1012 294 368 467 154 297 685 977 164 620 719 425 741 578 314 1163 898 317 642 1098 717 105 248 698 746 588 42 0 273 0 302 
480 1858 1841 763 1264 2309 1286 904 1019 2145 1517 855 963 2601 1218 1256 490 3390 0 1255 931 0 1602 1180 789 2442 0 1180 643 2025 1054 1296 0 1184 1391 1259 2442 1646 875 921 2139 864 1223 842 1012 816 606 818 1489 667 1814 0 1101 1062 2253 1219 1429 1352 539 1767 517 1685 385 1943 969 2132 2064 579 597 1952 2677 586 805 922 501 717 1084 1434 268 1158 1830 1045 1528 1031 732 2277 1900 718 1194 2310 1028 209 611 1236 1921 1364 43 0 703 0 728 
322 881 677 424 826 1629 725 539 529 1223 541 519 422 977 688 646 260 1624 0 582 305 0 1175 481 407 1176 0 723 381 909 518 839 0 658 862 946 1646 844 371 444 745 456 624 455 485 520 384 392 842 422 673 0 388 528 851 750 727 844 306 871 186 600 166 1193 486 1210 1146 264 464 656 1063 282 535 504 227 329 574 911 173 1076 691 601 694 661 345 1603 997 464 908 1117 485 131 336 939 916 610 43 0 391 0 340 
116 490 466 273 458 768 468 239 257 799 344 271 362 738 413 504 154 967 0 417 279 0 483 305 289 599 0 314 254 864 321 323 0 356 488 475 875 371 246 280 777 301 454 346 317 423 228 250 438 262 672 0 248 320 657 607 547 489 188 566 183 423 93 614 304 625 625 162 271 463 812 213 333 330 149 199 293 457 96 434 471 510 463 340 246 617 575 306 459 660 369 81 244 473 491 413 13 0 183 0 227 
94 587 396 173 311 635 511 197 398 620 321 241 267 597 345 432 173 740 0 435 558 0 401 296 453 525 0 615 226 417 307 339 0 361 378 319 921 444 280 254 521 195 571 300 203 326 193 497 509 210 425 0 207 235 446 375 493 380 150 586 97 376 281 754 300 420 674 396 212 562 749 181 315 332 182 224 242 516 66 396 768 248 373 407 328 714 492 211 308 725 346 34 276 348 386 419 15 0 210 0 184 
285 856 742 608 1158 1251 764 478 630 1280 611 659 555 957 640 845 327 1525 0 489 386 0 945 800 420 1094 0 653 405 896 820 759 0 583 1386 754 2139 745 777 521 708 823 810 825 459 699 432 517 1008 592 686 0 453 817 867 989 887 1411 360 1058 171 697 166 1266 689 1107 1424 347 692 720 1156 377 540 448 296 512 601 1356 112 1035 820 628 635 744 459 1206 1110 486 1203 1001 562 219 422 841 817 738 21 0 358 0 402 
126 623 466 188 299 592 460 182 373 616 351 252 259 802 474 455 215 824 0 510 559 0 476 293 347 590 0 465 236 474 299 379 0 470 402 424 864 456 301 195 823 170 406 317 306 315 224 333 600 206 482 0 260 272 510 365 433 362 179 733 164 413 158 708 360 513 787 303 207 556 832 182 275 435 128 266 340 502 122 366 684 312 452 462 359 734 638 175 340 1085 315 38 353 371 453 346 12 0 204 0 168 
199 819 824 307 464 901 590 360 591 755 794 409 384 1216 508 568 257 1311 0 548 421 0 756 491 385 891 0 549 290 732 672 547 0 509 575 522 1223 624 454 571 810 406 496 484 374 393 272 440 770 326 667 0 438 381 738 528 541 671 238 896 191 551 202 865 485 774 1307 286 291 700 945 281 429 399 149 360 549 704 114 595 936 372 591 499 402 899 795 415 534 973 472 71 318 529 761 535 14 0 234 0 230 
173 653 554 214 384 641 463 278 304 673 489 262 418 781 428 449 166 988 0 439 386 0 522 419 250 760 0 379 184 677 347 445 0 370 443 427 842 455 346 300 825 317 484 362 286 256 219 238 508 244 567 0 344 584 919 444 548 517 149 600 143 725 144 605 523 620 707 240 203 842 878 197 272 320 262 389 314 449 97 420 543 374 465 405 299 690 710 245 430 811 348 57 230 430 523 484 14 0 350 0 283 
159 586 459 249 584 775 476 232 355 746 305 287 250 580 394 413 160 968 0 343 222 0 780 335 245 747 0 482 247 541 358 500 0 415 559 458 1012 485 317 203 459 306 374 286 264 296 200 275 589 254 373 0 279 327 523 449 504 534 215 561 123 512 117 701 284 591 682 171 292 446 725 155 300 292 138 219 377 744 110 486 432 320 482 380 201 1047 607 241 535 754 292 82 177 478 528 435 33 0 247 0 252 
135 595 719 246 391 594 452 242 352 566 606 239 279 1104 424 434 188 965 0 402 283 0 613 384 222 750 0 372 187 642 437 426 0 352 482 424 816 520 423 326 699 315 393 256 296 276 180 306 508 243 523 0 438 317 612 358 390 507 185 681 175 505 118 525 345 533 700 202 191 595 807 207 296 353 134 239 527 551 124 383 566 250 537 349 239 692 639 230 394 805 392 52 164 473 577 563 17 0 219 0 253 
115 644 356 214 360 564 396 214 223 529 204 239 222 549 534 324 184 712 0 346 274 0 476 225 186 514 0 290 125 400 239 303 0 356 362 329 606 384 228 193 432 224 272 219 200 180 180 179 410 190 282 0 163 227 397 402 382 407 145 465 101 297 74 500 273 442 576 186 186 425 519 139 236 321 113 170 294 350 104 327 311 255 401 272 286 582 595 220 375 622 254 66 195 482 384 337 14 0 156 0 191 
176 569 490 272 439 753 355 293 315 688 551 264 358 647 387 576 155 1186 0 308 284 0 515 280 247 620 0 326 205 630 378 445 0 381 441 553 818 392 250 497 517 333 440 238 275 306 179 230 466 245 453 0 268 282 599 462 476 477 160 514 153 386 194 598 322 565 637 173 252 494 650 186 269 284 132 197 323 486 92 496 453 295 411 382 236 638 478 313 427 552 238 78 219 402 569 344 8 0 191 0 166 
272 1107 858 624 1019 1613 714 542 569 1831 554 586 678 1165 764 902 267 2104 0 726 491 0 919 569 607 1255 0 747 519 1492 550 690 0 774 941 766 1489 842 438 509 1008 600 770 508 589 508 410 466 958 514 883 0 418 587 1184 1005 1280 901 363 984 351 789 187 1305 453 1100 1057 302 501 900 1675 352 532 626 326 316 545 983 161 801 834 813 1069 579 440 1405 1093 525 886 1276 552 186 401 780 996 792 27 0 404 0 491 
104 661 454 249 332 688 611 240 296 623 270 222 287 695 375 394 273 950 0 532 302 0 492 277 283 593 0 425 201 744 274 364 0 590 381 345 667 422 262 210 592 206 326 244 254 243 190 245 514 262 620 0 219 228 527 412 448 434 295 518 169 350 118 635 271 477 671 186 206 499 689 178 307 334 141 198 310 473 77 384 414 354 529 333 295 716 502 250 325 712 306 48 222 387 477 346 14 0 174 0 191 
173 834 603 426 690 1144 590 344 712 1080 538 468 532 880 495 898 194 1386 0 545 373 0 750 494 374 1041 0 704 385 1031 582 841 0 592 751 634 1814 673 672 425 686 482 667 567 373 523 282 453 883 620 662 0 525 482 792 628 784 754 261 846 188 601 152 1139 456 783 1090 244 456 671 1005 313 431 464 210 412 525 1159 124 708 753 506 639 620 393 1215 872 421 701 1027 469 93 355 586 695 582 21 0 336 0 268 
0 0 0 0 0 0 0 0 0 0 0 0 0 0 0 0 0 0 0 0 0 11 0 0 0 0 11 0 0 0 0 0 0 0 0 0 0 0 0 0 0 0 0 0 0 0 0 0 0 0 0 10 0 0 0 0 0 0 0 0 0 0 0 0 0 0 0 0 0 0 0 0 0 0 0 0 0 0 0 0 0 0 0 0 0 0 0 0 0 0 0 0 0 0 0 0 0 0 0 0 0 
134 350 307 204 421 705 382 219 304 614 312 316 240 475 288 336 123 781 0 263 169 0 436 272 196 542 0 332 203 454 272 383 0 261 476 430 1101 388 248 207 453 260 438 344 279 438 163 268 418 219 525 0 236 264 446 374 328 472 122 444 98 305 76 665 287 700 681 114 274 320 573 181 287 221 97 210 241 501 50 415 499 351 262 336 214 609 501 188 444 477 271 76 240 371 458 329 9 0 156 0 148 
142 588 456 224 374 670 474 289 387 600 360 341 297 878 475 427 176 885 0 678 390 0 562 342 355 676 0 453 195 608 372 411 0 415 471 414 1062 528 320 235 817 272 381 584 327 317 227 282 587 228 482 0 264 334 559 468 394 465 190 735 177 443 95 697 379 652 1126 210 234 538 771 233 332 412 129 321 423 522 139 442 602 417 540 387 327 768 868 294 424 899 586 68 295 491 503 387 31 0 231 0 210 
281 1051 636 447 742 1406 845 426 892 1284 609 770 526 1008 706 728 319 1552 0 707 575 0 904 601 519 1119 0 871 442 786 674 821 0 729 859 694 2253 851 657 446 867 510 738 919 523 612 397 599 1184 527 792 0 446 559 814 794 849 960 285 1096 184 641 205 1656 698 1178 1893 379 547 792 1186 374 626 523 240 652 574 1110 132 823 1214 628 651 743 703 1385 1329 450 846 1251 600 143 598 639 889 641 24 0 369 0 315 
232 1371 743 406 520 926 799 361 522 935 500 430 474 1179 948 756 441 1384 0 739 889 0 873 509 469 978 0 672 271 742 575 635 0 824 662 512 1219 750 607 375 989 365 528 444 449 358 402 462 1005 412 628 0 374 468 794 708 805 820 349 1348 213 643 254 1104 767 706 1269 612 295 1059 1146 313 489 679 257 408 582 744 176 562 781 404 750 613 727 1156 1004 394 586 1561 416 76 520 614 778 607 18 0 309 0 326 
285 1594 777 456 650 1267 900 465 624 1171 545 577 502 1038 1002 737 606 1958 0 721 798 0 989 505 495 1078 0 732 355 842 543 729 0 1147 713 565 1429 727 547 493 887 433 541 548 504 390 382 476 1280 448 784 0 328 394 849 805 850 957 459 1110 221 540 222 1320 736 922 1739 424 414 902 1054 301 602 612 198 427 655 911 143 675 863 504 839 622 842 1304 941 479 736 1423 428 119 671 634 937 528 17 0 236 0 269 
203 1110 999 538 628 1072 780 372 554 1168 608 434 551 1466 862 1028 350 1476 0 1064 901 0 980 522 689 1081 0 752 356 1045 604 664 0 806 781 683 1352 844 489 380 1411 362 671 517 534 507 407 477 901 434 754 0 472 465 960 820 957 750 361 1521 320 790 247 1104 553 826 1207 499 313 1014 1701 391 501 946 254 319 614 783 263 662 951 563 926 641 515 1292 1135 444 641 1855 606 85 486 738 856 757 29 0 376 0 433 
115 427 259 281 343 576 287 217 204 713 142 240 248 399 432 356 134 604 0 256 213 0 367 166 175 398 0 282 185 409 207 220 0 283 312 292 539 306 188 150 360 179 238 149 215 185 145 160 363 295 261 0 122 190 285 349 459 361 98 398 94 213 60 531 182 357 372 124 200 311 512 128 205 396 120 124 202 326 106 285 255 240 280 227 214 437 412 172 333 485 166 66 191 303 308 274 8 0 121 0 166 
313 1173 1154 717 1294 1505 1191 563 504 1589 653 675 642 1263 1135 947 459 1812 0 694 592 0 1481 688 537 1223 0 700 405 1119 749 743 0 800 1292 872 1767 871 566 586 1058 733 896 600 561 681 465 514 984 518 846 0 444 735 1096 1348 1110 1521 398 1276 227 890 244 1329 701 1251 1356 395 635 978 1752 466 720 744 382 359 691 1044 217 1010 849 716 875 674 539 1392 1236 604 1354 1335 613 233 451 1291 1024 1183 41 0 391 0 723 
64 208 157 137 314 349 199 121 183 405 112 168 106 243 159 208 71 433 0 116 82 0 256 161 97 270 0 219 195 234 186 199 0 168 345 230 517 186 183 97 171 164 191 143 123 175 101 153 351 169 188 0 98 177 184 213 221 320 94 227 70 136 38 377 131 268 345 65 238 143 303 67 113 111 67 121 177 454 30 293 205 189 192 222 95 366 244 87 389 308 122 57 90 239 199 162 6 0 75 0 92 
252 714 470 363 595 1037 588 364 504 873 467 526 398 722 552 546 255 1208 0 469 392 0 730 427 357 831 0 495 273 614 493 588 0 499 712 547 1685 600 423 376 697 413 551 725 512 505 297 386 789 350 601 0 305 443 641 643 540 790 213 890 136 448 116 1075 621 1022 1466 230 370 524 822 404 507 358 147 393 434 736 87 634 748 489 451 481 476 942 838 418 675 865 463 109 499 546 725 496 17 0 237 0 246 
47 224 181 140 141 318 162 124 138 238 171 101 178 247 156 212 70 366 0 127 107 0 186 103 122 253 0 155 74 259 170 146 0 123 180 128 385 166 93 281 166 158 202 144 117 118 74 194 187 118 152 0 76 95 205 254 222 247 60 244 38 116 68 245 166 189 304 80 74 169 241 178 165 98 48 63 118 185 24 181 215 100 163 102 111 246 163 271 145 194 140 23 101 188 193 183 5 0 59 0 86 
373 1795 1282 670 1049 2198 1011 731 794 1814 881 681 774 1660 1026 1027 445 2868 0 965 598 0 1561 777 658 1984 0 1016 509 1800 761 1140 0 1158 1007 949 1943 1193 614 754 1266 708 865 605 701 525 500 598 1305 635 1139 0 665 697 1656 1104 1320 1104 531 1329 377 1075 245 1556 707 1473 1673 393 467 1266 1753 461 756 739 344 447 888 1238 221 1059 1072 846 1423 719 615 2226 1368 859 989 1768 729 163 493 1077 1426 959 52 0 513 0 519 
116 631 561 349 516 766 456 253 344 807 355 317 409 694 466 743 168 880 0 489 509 0 519 359 386 646 0 404 202 699 378 388 0 415 583 390 969 486 304 300 689 360 485 523 284 345 273 322 453 271 456 0 287 379 698 767 736 553 182 701 131 621 166 707 358 602 744 271 245 626 1071 251 349 414 207 221 306 536 128 429 593 384 443 357 336 707 689 341 469 800 535 86 308 503 500 528 31 0 249 0 333 
299 1140 856 465 810 1487 752 481 812 1370 683 578 606 1396 765 795 267 1856 0 905 529 0 1180 638 491 1669 0 983 427 1093 630 1143 0 829 948 845 2132 1210 625 420 1107 513 774 620 591 533 442 565 1100 477 783 0 700 652 1178 706 922 826 357 1251 268 1022 189 1473 602 1250 1359 403 424 1073 1515 365 533 641 287 498 731 1168 217 873 1019 652 952 777 470 2010 1504 454 804 1771 655 123 420 813 1057 819 53 0 613 0 446 
334 1356 1171 789 1152 1872 995 662 733 2227 868 682 1139 1535 958 1237 295 2268 0 916 701 0 1176 808 657 1673 0 950 551 1830 804 975 0 872 1212 963 2064 1146 625 674 1424 787 1307 707 682 700 576 637 1057 671 1090 0 681 1126 1893 1269 1739 1207 372 1356 345 1466 304 1673 744 1359 1216 502 556 1622 2352 537 713 815 664 562 630 1097 240 1021 1165 935 1132 808 585 1736 1682 616 1092 1648 805 195 509 1066 1235 1404 52 0 803 0 880 
103 452 355 231 388 589 322 238 166 492 237 205 282 411 481 389 138 660 0 252 211 0 435 198 192 406 0 205 106 427 240 249 0 265 375 299 579 264 162 396 347 303 286 240 171 202 186 173 302 186 244 0 114 210 379 612 424 499 124 395 65 230 80 393 271 403 502 142 184 310 460 186 269 247 97 100 222 283 75 370 244 247 293 199 219 429 387 395 406 396 235 74 183 511 314 310 10 0 104 0 185 
95 561 471 201 300 615 369 238 278 601 315 183 248 984 379 359 164 912 0 485 287 0 492 261 251 655 0 359 218 767 282 352 0 403 348 368 597 464 271 212 692 207 291 203 292 191 186 252 501 206 456 0 274 234 547 295 414 313 200 635 238 370 74 467 245 424 556 184 138 482 752 171 228 387 112 164 429 473 126 311 414 324 681 283 215 722 619 228 286 973 370 38 164 413 455 344 17 0 186 0 178 
269 935 643 472 783 1568 743 485 608 1205 529 607 539 807 651 812 300 1469 0 618 449 0 964 551 601 977 0 695 359 912 634 693 0 651 858 692 1952 656 463 562 720 556 700 842 446 595 425 494 900 499 671 0 320 538 792 1059 902 1014 311 978 143 524 169 1266 626 1073 1622 310 482 572 1025 394 731 467 228 411 489 918 111 1049 862 626 614 589 545 1287 968 694 880 951 563 135 517 782 811 604 24 0 327 0 299 
416 1509 1041 714 1195 1811 1096 669 871 1647 886 988 704 1487 1074 965 542 2541 0 854 663 0 1689 800 594 1559 0 955 548 1195 939 1244 0 1076 1328 1012 2677 1063 812 749 1156 832 945 878 725 807 519 650 1675 689 1005 0 573 771 1186 1146 1054 1701 512 1752 303 822 241 1753 1071 1515 2352 460 752 1025 1520 496 804 771 300 627 1027 1488 209 1232 1133 784 1042 900 775 1915 1497 700 1477 1777 663 241 688 1056 1255 895 32 0 435 0 471 
103 436 380 170 323 446 518 142 202 421 294 176 202 461 299 310 160 571 0 236 239 0 615 237 187 449 0 281 126 370 378 279 0 280 296 294 586 282 213 181 377 182 281 197 155 207 139 186 352 178 313 0 181 233 374 313 301 391 128 466 67 404 178 461 251 365 537 186 171 394 496 150 272 236 138 168 230 356 73 311 338 208 282 244 186 545 418 185 333 474 181 39 134 329 378 366 12 0 155 0 192 
150 857 554 359 429 733 507 297 347 737 432 258 393 689 475 645 205 1005 0 404 383 0 569 344 266 738 0 421 187 627 514 402 0 477 482 368 805 535 333 315 540 275 429 272 300 296 236 269 532 307 431 0 287 332 626 489 602 501 205 720 113 507 165 756 349 533 713 269 228 731 804 272 366 364 196 213 324 509 97 429 491 299 478 375 340 752 580 295 410 689 306 58 254 441 693 582 16 0 219 0 293 
202 743 632 540 639 832 560 326 302 805 361 393 326 673 474 538 427 1076 0 396 306 0 650 435 283 671 0 379 214 570 450 432 0 674 923 467 922 504 330 332 448 435 399 320 292 353 321 284 626 334 464 0 221 412 523 679 612 946 396 744 111 358 98 739 414 641 815 247 387 467 771 236 364 400 175 211 397 640 98 753 411 334 439 458 353 790 592 330 731 729 268 144 296 542 566 448 14 0 202 0 279 
78 361 231 122 160 356 246 149 203 253 181 166 150 335 231 216 110 477 0 342 179 0 311 154 203 335 0 244 81 277 206 217 0 258 201 154 501 227 149 182 296 128 149 262 138 134 113 132 326 141 210 0 97 129 240 257 198 254 120 382 67 147 48 344 207 287 664 97 112 228 300 138 196 175 44 144 189 255 40 245 268 174 266 182 177 393 321 250 212 391 213 26 156 229 251 150 8 0 89 0 73 
87 393 346 189 333 637 281 233 234 578 264 203 311 556 262 378 83 774 0 345 193 0 344 246 225 552 0 256 169 750 249 306 0 263 366 297 717 329 199 224 512 266 360 389 219 239 170 197 316 198 412 0 210 321 652 408 427 319 124 359 121 393 63 447 221 498 562 100 164 411 627 168 213 211 144 170 255 373 73 325 363 425 410 207 167 519 495 259 330 495 451 51 158 375 377 322 25 0 182 0 197 
222 491 458 412 675 868 444 275 349 1095 376 367 349 697 439 581 180 1018 0 382 291 0 562 342 294 691 0 465 327 653 400 415 0 408 847 685 1084 574 293 242 601 340 549 314 377 527 294 323 545 310 525 0 241 423 574 582 655 614 202 691 177 434 118 888 306 731 630 222 429 489 1027 230 324 397 189 255 316 687 110 656 537 449 434 595 245 806 709 212 666 759 324 125 268 552 578 523 16 0 275 0 318 
305 1000 863 507 823 1511 739 549 563 1638 723 528 576 1650 781 760 300 2146 0 764 462 0 923 527 457 1269 0 704 577 1490 572 685 0 715 830 977 1434 911 457 516 1356 502 704 449 744 551 350 486 983 473 1159 0 501 522 1110 744 911 783 326 1044 454 736 185 1238 536 1168 1097 283 473 918 1488 356 509 640 255 373 687 942 201 796 884 746 1009 671 442 1335 1124 427 773 1379 593 150 399 754 1047 700 24 0 362 0 381 
111 181 144 157 215 209 149 91 70 241 97 110 70 186 145 132 144 289 0 83 81 0 176 124 60 206 0 94 57 122 123 102 0 174 350 164 268 173 96 66 112 122 114 97 110 124 104 92 161 77 124 0 50 139 132 176 143 263 106 217 30 87 24 221 128 217 240 75 126 111 209 73 97 98 40 73 110 201 24 214 105 100 101 161 103 199 172 66 222 198 85 47 86 163 168 122 3 0 59 0 80 
225 973 749 387 597 1151 702 635 527 1043 507 369 442 1538 736 635 262 1456 0 1013 519 0 814 462 456 1189 0 875 315 998 493 628 0 663 698 620 1158 1076 434 396 1035 366 595 420 486 383 327 496 801 384 708 0 415 442 823 562 675 662 285 1010 293 634 181 1059 429 873 1021 370 311 1049 1232 311 429 753 245 325 656 796 214 688 757 491 1001 613 373 1271 1059 374 581 1326 845 79 294 898 825 691 47 0 353 0 368 
239 911 765 426 765 1302 564 468 599 1182 818 527 724 957 598 788 232 1919 0 527 377 0 857 525 390 1141 0 607 332 1077 566 915 0 631 789 719 1830 691 471 768 820 684 936 543 432 566 311 453 834 414 753 0 499 602 1214 781 863 951 255 849 205 748 215 1072 593 1019 1165 244 414 862 1133 338 491 411 268 363 537 884 105 757 832 566 683 558 405 1187 933 533 787 964 474 142 407 691 864 691 18 0 397 0 345 
178 739 499 279 490 789 511 321 438 777 392 354 318 855 466 408 189 1129 0 486 307 0 600 494 273 930 0 539 258 655 419 506 0 477 566 425 1045 601 510 248 628 312 372 374 320 250 255 295 813 354 506 0 351 417 628 404 504 563 240 716 189 489 100 846 384 652 935 247 324 626 784 208 299 334 174 425 449 746 100 491 566 382 704 467 328 971 882 274 518 938 349 85 234 456 602 424 17 0 273 0 216 
273 762 513 520 861 1313 682 472 559 1488 418 555 486 786 601 677 252 1433 0 473 341 0 785 473 386 922 0 712 565 835 680 578 0 607 940 741 1528 694 463 373 635 452 591 465 482 537 401 411 1069 529 639 0 262 540 651 750 839 926 280 875 192 451 163 1423 443 952 1132 293 681 614 1042 282 478 439 266 410 434 1009 101 1001 683 704 576 707 414 1168 915 348 1049 931 348 171 387 668 794 565 16 0 304 0 329 
170 699 619 344 572 1136 506 450 369 908 450 361 381 1184 535 532 196 1257 0 524 270 0 700 381 301 866 0 469 281 1013 410 492 0 446 631 578 1031 661 340 407 744 462 499 405 380 349 272 382 579 333 620 0 336 387 743 613 622 641 227 674 222 481 102 719 357 777 808 199 283 589 900 244 375 458 182 207 595 671 161 613 558 467 707 384 280 925 785 395 576 881 662 97 227 748 642 523 36 0 230 0 282 
100 811 488 366 426 788 381 206 293 803 302 290 419 480 425 685 192 942 0 320 344 0 453 313 289 599 0 327 179 659 313 370 0 475 472 314 732 345 246 328 459 359 402 299 201 239 286 236 440 295 393 0 214 327 703 727 842 515 214 539 95 476 111 615 336 470 585 219 215 545 775 186 340 353 177 167 245 442 103 373 405 328 414 280 346 678 504 367 413 623 269 83 275 409 451 414 15 0 200 0 248 
609 1527 1057 848 1402 2535 1012 1043 854 2362 832 897 792 1589 1247 999 413 2987 0 894 584 0 1377 798 586 2045 0 1105 658 1537 818 1072 0 1075 1374 1163 2277 1603 617 714 1206 734 899 690 1047 692 582 638 1405 716 1215 0 609 768 1385 1156 1304 1292 437 1392 366 942 246 2226 707 2010 1736 429 722 1287 1915 545 752 790 393 519 806 1335 199 1271 1187 971 1168 925 678 2118 1549 656 1275 1603 743 259 634 1129 1742 1008 39 0 500 0 600 
363 1114 915 592 1040 1558 849 594 602 1456 690 657 603 1310 870 827 367 1929 0 754 517 0 1165 747 492 1520 0 735 435 1137 722 873 0 821 1341 898 1900 997 575 492 1110 638 795 710 607 639 595 478 1093 502 872 0 501 868 1329 1004 941 1135 412 1236 244 838 163 1368 689 1504 1682 387 619 968 1497 418 580 592 321 495 709 1124 172 1059 933 882 915 785 504 1549 1332 539 1256 1584 688 200 477 1116 1072 796 31 0 444 0 471 
128 649 374 218 328 626 639 258 328 634 271 228 303 536 432 420 208 740 0 400 518 0 442 299 299 535 0 500 195 423 344 319 0 437 365 317 718 464 306 211 486 175 415 245 241 230 220 313 525 250 421 0 188 294 450 394 479 444 172 604 87 418 271 859 341 454 616 395 228 694 700 185 295 330 250 259 212 427 66 374 533 274 348 395 367 656 539 170 349 668 247 43 272 348 478 422 12 0 201 0 239 
197 926 804 418 569 976 658 381 510 1061 531 411 438 1584 719 656 273 1431 0 963 592 0 883 482 486 1092 0 677 354 1012 539 629 0 679 726 642 1194 908 459 308 1203 340 534 430 535 394 375 427 886 325 701 0 444 424 846 586 736 641 333 1354 389 675 145 989 469 804 1092 406 286 880 1477 333 410 731 212 330 666 773 222 581 787 518 1049 576 413 1275 1256 349 576 1722 602 92 336 697 814 662 30 0 367 0 386 
432 1264 1031 1054 1646 2009 958 753 675 2240 708 1083 777 1284 1069 1086 466 2551 0 660 481 0 1296 860 539 1529 0 780 594 1332 856 939 0 905 1809 1098 2310 1117 660 725 1001 1085 973 811 754 805 622 552 1276 712 1027 0 477 899 1251 1561 1423 1855 485 1335 308 865 194 1768 800 1771 1648 396 973 951 1777 474 689 729 391 495 759 1379 198 1326 964 938 931 881 623 1603 1584 668 1722 1318 642 417 569 1196 1228 959 27 0 435 0 620 
314 501 432 251 496 776 440 319 337 720 551 299 318 684 384 454 193 942 0 357 260 0 570 385 259 659 0 428 230 527 440 474 0 348 639 717 1028 485 369 346 562 315 472 348 292 392 254 238 552 306 469 0 271 586 600 416 428 606 166 613 122 463 140 729 535 655 805 235 370 563 663 181 306 268 213 451 324 593 85 845 474 349 348 662 269 743 688 247 602 642 250 75 231 500 523 386 10 0 389 0 213 
27 179 124 50 71 152 111 42 94 156 68 57 57 250 137 106 63 216 0 153 136 0 165 68 82 181 0 119 66 135 66 128 0 154 108 105 209 131 81 34 219 38 71 57 82 52 66 78 186 48 93 0 76 68 143 76 119 85 66 233 57 109 23 163 86 123 195 74 38 135 241 39 58 144 26 51 125 150 47 79 142 85 171 97 83 259 200 43 92 417 75 8 74 106 122 81 5 0 61 0 46 
91 730 531 296 384 634 361 182 269 653 323 258 313 535 366 457 188 849 0 284 284 0 451 314 236 562 0 299 151 532 291 330 0 396 398 248 611 336 244 276 422 353 318 230 177 164 195 219 401 222 355 0 240 295 598 520 671 486 191 451 90 499 101 493 308 420 509 183 164 517 688 134 254 296 156 158 268 399 86 294 407 234 387 227 275 634 477 272 336 569 231 74 196 330 417 383 14 0 195 0 224 
273 797 641 461 602 997 607 418 484 968 559 416 411 1319 606 655 257 1191 0 694 477 0 797 511 386 1010 0 634 316 765 747 582 0 549 895 698 1236 939 473 348 841 371 529 430 478 473 482 402 780 387 586 0 371 491 639 614 634 738 303 1291 239 546 188 1077 503 813 1066 511 413 782 1056 329 441 542 229 375 552 754 163 898 691 456 668 748 409 1129 1116 348 697 1196 500 106 330 678 786 580 23 0 361 0 323 
276 1015 717 473 833 1481 809 442 680 1475 537 534 558 1012 697 727 272 1629 0 670 398 0 1202 507 481 1348 0 950 447 964 606 852 0 723 855 746 1921 916 491 386 817 453 761 523 528 577 384 569 996 477 695 0 458 503 889 778 937 856 308 1024 199 725 193 1426 500 1057 1235 314 455 811 1255 378 693 566 251 377 578 1047 168 825 864 602 794 642 451 1742 1072 478 814 1228 523 122 417 786 936 875 47 0 434 0 433 
266 818 672 387 569 943 679 341 447 824 665 422 394 958 566 628 281 1256 0 499 395 0 1037 447 367 878 0 491 251 672 752 556 0 546 695 588 1364 610 413 419 738 346 535 484 435 563 337 344 792 346 582 0 329 387 641 607 528 757 274 1183 162 496 183 959 528 819 1404 310 344 604 895 366 582 448 150 322 523 700 122 691 691 424 565 523 414 1008 796 422 662 959 386 81 383 580 875 626 17 0 230 0 290 
50 26 19 18 38 57 19 32 13 52 31 18 12 30 35 15 18 68 0 14 10 0 41 17 10 49 0 19 10 22 21 20 0 20 43 42 43 43 13 15 21 12 14 14 33 17 14 8 27 14 21 0 9 31 24 18 17 29 8 41 6 17 5 52 31 53 52 10 17 24 32 12 16 14 8 25 16 24 3 47 18 17 16 36 15 39 31 12 30 27 10 5 14 23 47 17 0 0 21 0 12 
0 0 0 0 0 0 0 0 0 0 0 0 0 0 0 0 0 0 0 0 0 0 0 0 0 0 0 0 0 0 0 0 0 0 0 0 0 0 0 0 0 0 0 0 0 0 0 0 0 0 0 0 0 0 0 0 0 0 0 0 0 0 0 0 0 0 0 0 0 0 0 0 0 0 0 0 0 0 0 0 0 0 0 0 0 0 0 0 0 0 0 0 0 0 0 0 0 0 0 1 0 
147 384 281 169 312 619 301 321 238 439 256 267 172 486 297 232 122 703 0 309 182 0 386 244 186 496 0 284 127 363 242 275 0 264 364 273 703 391 183 210 358 204 234 350 247 219 156 191 404 174 336 0 156 231 369 309 236 376 121 391 75 237 59 513 249 613 803 104 186 327 435 155 219 202 89 182 275 362 59 353 397 273 304 230 200 500 444 201 367 435 389 61 195 361 434 230 21 0 108 0 128 
0 0 0 0 0 0 0 0 0 0 0 0 0 0 0 0 0 0 0 0 0 0 0 0 0 0 0 0 0 0 0 0 0 0 0 0 0 0 0 0 0 0 0 0 0 0 0 0 0 0 0 0 0 0 0 0 0 0 0 0 0 0 0 0 0 0 0 0 0 0 0 0 0 0 0 0 0 0 0 0 0 0 0 0 0 0 0 0 0 0 0 0 0 0 0 0 0 1 0 0 0 
184 475 344 209 308 501 379 188 240 419 298 263 180 504 363 292 182 680 0 316 249 0 647 233 215 481 0 279 125 325 363 327 0 331 378 302 728 340 227 184 402 168 230 283 252 253 191 166 491 191 268 0 148 210 315 326 269 433 166 723 92 246 86 519 333 446 880 185 178 299 471 192 293 279 73 197 318 381 80 368 345 216 329 282 248 600 471 239 386 620 213 46 224 323 433 290 12 0 128 0 156 
