47	labelled
PODATKOVNE BAZE 	0.000	1.000	1.000	1.000	0.981	0.645	1.000	0.793	0.556	0.895	0.844	0.960	0.873	0.914	0.919	1.000	1.000	0.867	0.971	1.000	1.000	0.871	1.000	0.917	0.963	0.947	0.984	0.783	1.000	0.974	0.958	0.972	1.000	0.846	0.991	0.944	1.000	0.926	0.888	0.600	1.000	1.000	1.000	0.932	0.861	0.952	0.968
ANGLESKI JEZIK NIVO B	1.000	0.000	0.917	0.952	1.000	0.968	0.933	1.000	1.000	1.000	1.000	0.943	0.983	1.000	0.944	1.000	0.938	1.000	1.000	1.000	1.000	0.889	1.000	0.948	1.000	0.955	0.935	1.000	1.000	1.000	0.953	0.968	0.783	1.000	0.919	0.952	1.000	0.958	0.952	1.000	1.000	0.956	1.000	0.945	0.967	1.000	0.962
ANGLESKI JEZIK NIVO C	1.000	0.917	0.000	0.944	1.000	0.964	0.977	1.000	1.000	1.000	1.000	0.966	0.982	1.000	0.981	0.962	0.967	1.000	1.000	1.000	1.000	0.944	1.000	0.974	1.000	0.969	0.963	1.000	1.000	0.968	0.976	0.983	0.913	1.000	0.949	0.967	1.000	0.979	0.981	1.000	1.000	0.952	1.000	0.963	0.963	1.000	0.959
ANGLESKI JEZIK NIVO A	1.000	0.952	0.944	0.000	1.000	0.973	0.941	1.000	1.000	1.000	1.000	0.912	0.953	1.000	0.855	0.941	0.750	1.000	1.000	0.933	1.000	0.935	1.000	0.964	1.000	0.897	0.879	1.000	1.000	0.958	0.967	0.971	0.786	1.000	0.859	1.000	1.000	0.931	0.915	1.000	1.000	0.675	1.000	0.929	0.943	1.000	0.846
TEHNOLOGIJA PROGRAMSKE OPREME	0.981	1.000	1.000	1.000	0.000	0.983	0.915	0.920	1.000	0.677	0.743	0.920	0.889	0.787	0.911	0.907	1.000	0.940	0.941	1.000	1.000	0.989	1.000	0.854	0.881	0.935	0.891	0.790	0.922	0.859	0.854	0.776	1.000	0.676	0.962	0.813	1.000	0.755	0.850	0.981	0.755	0.987	0.860	0.839	0.983	0.788	0.975
NACRTOVANJE DIGITALNIH NAPRAV	0.645	0.968	0.964	0.973	0.983	0.000	1.000	0.794	0.548	0.970	0.857	0.910	0.915	0.977	0.957	0.930	0.980	0.889	0.975	1.000	0.929	0.813	1.000	0.934	0.970	0.938	0.960	0.808	1.000	0.950	0.950	0.961	0.927	0.859	0.930	0.962	1.000	0.929	0.864	0.586	0.981	0.855	0.971	0.935	0.576	1.000	0.889
RAZVOJ INFORMACIJSKIH SISTEMOV	1.000	0.933	0.977	0.941	0.915	1.000	0.000	1.000	0.966	0.951	0.897	0.913	0.866	0.947	0.541	0.912	0.842	1.000	0.982	1.000	0.955	0.878	1.000	0.686	1.000	0.865	0.752	0.974	0.863	0.901	0.778	0.800	0.909	0.910	0.736	0.833	1.000	0.769	0.898	1.000	0.887	0.903	1.000	0.775	1.000	0.900	0.897
VZPO.IN PORAZD. SIS.IN ALGORIT	0.793	1.000	1.000	1.000	0.920	0.794	1.000	0.000	0.733	0.912	0.894	0.959	0.923	0.943	1.000	0.974	1.000	0.862	0.867	1.000	1.000	0.887	1.000	0.989	0.826	0.987	0.966	0.659	1.000	0.931	0.968	0.942	1.000	0.896	1.000	0.973	1.000	0.932	0.917	0.640	0.930	1.000	1.000	0.931	0.889	0.897	0.950
PROCESNA AVTOMATIKA	0.556	1.000	1.000	1.000	1.000	0.548	0.966	0.733	0.000	0.985	0.815	0.971	0.862	0.975	0.923	0.976	1.000	0.844	0.944	1.000	1.000	0.803	1.000	0.907	0.931	0.988	0.959	0.771	0.974	0.975	0.926	0.945	1.000	0.836	0.974	0.987	1.000	0.898	0.920	0.538	0.958	1.000	1.000	0.933	0.842	0.932	0.953
TEHNOLO. IGER IN NAVIDEZNA RES	0.895	1.000	1.000	1.000	0.677	0.970	0.951	0.912	0.985	0.000	0.768	0.807	0.899	0.725	0.944	0.919	1.000	0.755	0.931	0.978	1.000	0.957	0.978	0.887	0.900	0.918	0.898	0.797	0.967	0.846	0.822	0.865	0.984	0.543	0.957	0.788	1.000	0.768	0.719	0.912	0.724	1.000	0.860	0.794	0.938	0.776	0.929
RACUNALNISKE KOMUNIKACIJE	0.844	1.000	1.000	1.000	0.743	0.857	0.897	0.894	0.815	0.768	0.000	0.898	0.815	0.866	0.883	0.946	1.000	0.941	0.783	1.000	1.000	0.931	1.000	0.827	0.952	0.917	0.782	0.730	0.844	0.804	0.839	0.667	1.000	0.473	0.938	0.893	1.000	0.687	0.802	0.877	0.819	1.000	0.903	0.793	0.932	0.776	0.915
UMETNA INTELIGENCA	0.960	0.943	0.966	0.912	0.920	0.910	0.913	0.959	0.971	0.807	0.898	0.000	0.869	0.939	0.864	0.874	0.844	0.926	0.959	0.988	0.954	0.743	1.000	0.794	0.956	0.596	0.575	0.940	0.970	0.619	0.742	0.924	0.871	0.891	0.441	0.651	0.988	0.671	0.410	0.970	0.904	0.722	0.979	0.629	0.887	0.963	0.703
TESTIRANJE IN KAKOVOST	0.873	0.983	0.982	0.953	0.889	0.915	0.866	0.923	0.862	0.899	0.815	0.869	0.000	0.926	0.867	0.973	0.947	0.938	0.923	1.000	0.983	0.846	1.000	0.674	0.984	0.871	0.777	0.890	0.891	0.859	0.748	0.747	0.942	0.817	0.803	0.844	1.000	0.707	0.868	0.923	0.892	0.930	0.952	0.730	0.944	0.855	0.924
OSNOVE VERJETNOSTI IN STATISTI	0.914	1.000	1.000	1.000	0.787	0.977	0.947	0.943	0.975	0.725	0.866	0.939	0.926	0.000	0.970	0.923	1.000	0.971	0.912	1.000	1.000	0.971	1.000	0.955	0.846	0.934	0.941	0.926	0.914	0.919	0.926	0.866	1.000	0.758	0.983	0.886	1.000	0.897	0.900	0.943	0.886	1.000	0.815	0.896	0.951	0.789	0.952
INFORMACIJSKI SISTEMI	0.919	0.944	0.981	0.855	0.911	0.957	0.541	1.000	0.923	0.944	0.883	0.864	0.867	0.970	0.000	0.891	0.750	0.984	0.952	0.980	0.962	0.798	1.000	0.659	0.965	0.817	0.730	0.988	0.985	0.888	0.829	0.846	0.905	0.884	0.667	0.849	1.000	0.742	0.819	0.985	0.946	0.811	1.000	0.781	1.000	0.944	0.855
PREVAJALNIKI IN NAVIDEZNI STRO	1.000	1.000	0.962	0.941	0.907	0.930	0.912	0.974	0.976	0.919	0.946	0.874	0.973	0.923	0.891	0.000	0.909	0.973	0.946	1.000	0.923	0.928	1.000	0.895	0.933	0.863	0.887	0.966	1.000	0.921	0.949	0.946	0.976	0.903	0.880	0.873	1.000	0.913	0.882	0.974	0.959	0.849	0.970	0.916	0.929	0.957	0.885
UPORABNISKA PROGRAMSKA OPREMA	1.000	0.938	0.967	0.750	1.000	0.980	0.842	1.000	1.000	1.000	1.000	0.844	0.947	1.000	0.750	0.909	0.000	1.000	1.000	1.000	1.000	0.901	1.000	0.888	1.000	0.808	0.789	1.000	1.000	0.964	0.874	0.935	0.905	1.000	0.737	0.976	1.000	0.872	0.856	1.000	1.000	0.646	1.000	0.833	0.979	1.000	0.839
ROBOTIKA IN RACUNALNISKO ZAZNA	0.867	1.000	1.000	1.000	0.940	0.889	1.000	0.862	0.844	0.755	0.941	0.926	0.938	0.971	0.984	0.973	1.000	0.000	0.969	0.941	1.000	0.921	0.938	0.965	0.917	0.987	0.966	0.898	1.000	0.944	0.922	0.957	0.971	0.894	0.982	0.943	1.000	0.910	0.886	0.821	0.875	1.000	0.923	0.949	0.917	0.950	0.931
ODLOCITVENI SISTEMI	0.971	1.000	1.000	1.000	0.941	0.975	0.982	0.867	0.944	0.931	0.783	0.959	0.923	0.912	0.952	0.946	1.000	0.969	0.000	1.000	1.000	0.955	1.000	0.916	0.962	0.987	0.921	0.854	0.793	0.797	0.968	0.803	1.000	0.862	0.964	0.929	1.000	0.910	0.965	1.000	0.821	1.000	0.885	0.958	1.000	0.838	0.932
EKONOMIKA IN ORGANIZACIJA INFO	1.000	1.000	1.000	0.933	1.000	1.000	1.000	1.000	1.000	0.978	1.000	0.988	1.000	1.000	0.980	1.000	1.000	0.941	1.000	0.000	1.000	0.981	0.500	1.000	1.000	1.000	1.000	1.000	1.000	0.984	0.988	0.982	0.952	1.000	0.990	1.000	1.000	0.993	0.980	1.000	0.967	0.975	1.000	0.981	1.000	1.000	1.000
RACUNALNISTVO V PRAKSI I	1.000	1.000	1.000	1.000	1.000	0.929	0.955	1.000	1.000	1.000	1.000	0.954	0.983	1.000	0.962	0.923	1.000	1.000	1.000	1.000	0.000	0.982	1.000	0.947	1.000	0.953	0.982	1.000	1.000	0.985	0.976	0.949	0.762	1.000	0.939	0.933	1.000	0.993	0.951	1.000	1.000	0.929	1.000	0.973	0.926	1.000	0.960
DIGITALNO PROCESIRANJE SIGNALO	0.871	0.889	0.944	0.935	0.989	0.813	0.878	0.887	0.803	0.957	0.931	0.743	0.846	0.971	0.798	0.928	0.901	0.921	0.955	0.981	0.982	0.000	1.000	0.775	0.931	0.835	0.756	0.889	0.986	0.891	0.745	0.941	0.925	0.899	0.675	0.866	1.000	0.763	0.725	0.887	0.962	0.877	0.968	0.718	0.864	0.974	0.860
MATEMATIKA	1.000	1.000	1.000	1.000	1.000	1.000	1.000	1.000	1.000	0.978	1.000	1.000	1.000	1.000	1.000	1.000	1.000	0.938	1.000	0.500	1.000	1.000	0.000	1.000	1.000	1.000	1.000	1.000	1.000	1.000	0.988	1.000	0.950	1.000	1.000	1.000	1.000	0.993	0.990	1.000	0.966	1.000	1.000	0.991	1.000	1.000	1.000
PODATKOVNE BAZE 2	0.917	0.948	0.974	0.964	0.854	0.934	0.686	0.989	0.907	0.887	0.827	0.794	0.674	0.955	0.659	0.895	0.888	0.965	0.916	1.000	0.947	0.775	1.000	0.000	0.988	0.835	0.693	0.943	0.942	0.802	0.684	0.723	0.893	0.818	0.646	0.752	0.986	0.637	0.840	0.977	0.867	0.880	0.976	0.657	0.945	0.912	0.888
NUMERICNE METODE	0.963	1.000	1.000	1.000	0.881	0.970	1.000	0.826	0.931	0.900	0.952	0.956	0.984	0.846	0.965	0.933	1.000	0.917	0.962	1.000	1.000	0.931	1.000	0.988	0.000	0.924	0.964	0.957	1.000	0.955	0.966	0.935	1.000	0.937	0.981	0.921	1.000	0.937	0.963	0.875	0.886	0.979	0.952	0.965	0.935	0.875	0.923
UPORABNISKI VMESNIKI	0.947	0.955	0.969	0.897	0.935	0.938	0.865	0.987	0.988	0.918	0.917	0.596	0.871	0.934	0.817	0.863	0.808	0.987	0.987	1.000	0.953	0.835	1.000	0.835	0.924	0.000	0.653	0.958	0.947	0.802	0.797	0.864	0.905	0.937	0.545	0.707	0.984	0.738	0.650	0.974	0.929	0.734	1.000	0.746	0.895	0.952	0.695
KOMUNIKACIJSKI PROT.IN OM.VA	0.984	0.935	0.963	0.879	0.891	0.960	0.752	0.966	0.959	0.898	0.782	0.575	0.777	0.941	0.730	0.887	0.789	0.966	0.921	1.000	0.982	0.756	1.000	0.693	0.964	0.653	0.000	0.917	0.912	0.742	0.664	0.800	0.875	0.844	0.423	0.758	1.000	0.386	0.638	0.966	0.911	0.739	0.956	0.500	0.943	0.952	0.744
SISTEMSKA PROGRAMSKA OPREMA	0.783	1.000	1.000	1.000	0.790	0.808	0.974	0.659	0.771	0.797	0.730	0.940	0.890	0.926	0.988	0.966	1.000	0.898	0.854	1.000	1.000	0.889	1.000	0.943	0.957	0.958	0.917	0.000	0.833	0.819	0.867	0.840	1.000	0.750	0.962	0.957	1.000	0.799	0.842	0.750	0.825	1.000	0.810	0.867	0.870	0.877	0.923
STRATESKO PLANIRANJE INFORMATI	1.000	1.000	1.000	1.000	0.922	1.000	0.863	1.000	0.974	0.967	0.844	0.970	0.891	0.914	0.985	1.000	1.000	1.000	0.793	1.000	1.000	0.986	1.000	0.942	1.000	0.947	0.912	0.833	0.000	0.853	0.900	0.724	1.000	0.929	0.965	0.973	1.000	0.880	0.992	1.000	0.881	1.000	0.929	0.932	1.000	0.778	0.968
ODKRIVANJE ZAKONITOSTI IZ PODA	0.974	1.000	0.968	0.958	0.859	0.950	0.901	0.931	0.975	0.846	0.804	0.619	0.859	0.919	0.888	0.921	0.964	0.944	0.797	0.984	0.985	0.891	1.000	0.802	0.955	0.802	0.742	0.819	0.853	0.000	0.854	0.766	0.933	0.864	0.738	0.796	0.983	0.720	0.771	0.987	0.873	0.862	0.925	0.799	0.936	0.925	0.795
PRODUKCIJA MULTIMED.GRADIV	0.958	0.953	0.976	0.967	0.854	0.950	0.778	0.968	0.926	0.822	0.839	0.742	0.748	0.926	0.829	0.949	0.874	0.922	0.968	0.988	0.976	0.745	0.988	0.684	0.966	0.797	0.664	0.867	0.900	0.854	0.000	0.809	0.914	0.831	0.636	0.781	1.000	0.595	0.691	0.923	0.817	0.919	0.955	0.407	0.917	0.897	0.896
ELEKTRONSKO IN MOBILNO POSLOVA	0.972	0.968	0.983	0.971	0.776	0.961	0.800	0.942	0.945	0.865	0.667	0.924	0.747	0.866	0.846	0.946	0.935	0.957	0.803	0.982	0.949	0.941	1.000	0.723	0.935	0.864	0.800	0.840	0.724	0.766	0.809	0.000	0.944	0.772	0.843	0.837	1.000	0.687	0.917	0.972	0.803	0.933	0.938	0.784	0.974	0.738	0.948
SPORTNA VZGOJA 	1.000	0.783	0.913	0.786	1.000	0.927	0.909	1.000	1.000	0.984	1.000	0.871	0.942	1.000	0.905	0.976	0.905	0.971	1.000	0.952	0.762	0.925	0.950	0.893	1.000	0.905	0.875	1.000	1.000	0.933	0.914	0.944	0.000	1.000	0.810	0.886	0.950	0.912	0.869	1.000	0.979	0.771	1.000	0.886	0.897	1.000	0.862
OPERACIJSKI SISTEMI	0.846	1.000	1.000	1.000	0.676	0.859	0.910	0.896	0.836	0.543	0.473	0.891	0.817	0.758	0.884	0.903	1.000	0.894	0.862	1.000	1.000	0.899	1.000	0.818	0.937	0.937	0.844	0.750	0.929	0.864	0.831	0.772	1.000	0.000	0.953	0.827	1.000	0.689	0.746	0.862	0.806	1.000	0.850	0.785	0.904	0.761	0.916
ALGORITMI IN PODATKOVNE STR.1	0.991	0.919	0.949	0.859	0.962	0.930	0.736	1.000	0.974	0.957	0.938	0.441	0.803	0.983	0.667	0.880	0.737	0.982	0.964	0.990	0.939	0.675	1.000	0.646	0.981	0.545	0.423	0.962	0.965	0.738	0.636	0.843	0.810	0.953	0.000	0.692	0.990	0.580	0.571	0.991	0.924	0.606	0.991	0.529	0.881	0.967	0.694
ALGORITMI IN PODATKOVNE STR.2	0.944	0.952	0.967	1.000	0.813	0.962	0.833	0.973	0.987	0.788	0.893	0.651	0.844	0.886	0.849	0.873	0.976	0.943	0.929	1.000	0.933	0.866	1.000	0.752	0.921	0.707	0.758	0.957	0.973	0.796	0.781	0.837	0.886	0.827	0.692	0.000	0.983	0.724	0.686	0.973	0.855	0.910	0.986	0.721	0.934	0.865	0.882
UVOD V FIZIKO (FMF)	1.000	1.000	1.000	1.000	1.000	1.000	1.000	1.000	1.000	1.000	1.000	0.988	1.000	1.000	1.000	1.000	1.000	1.000	1.000	1.000	1.000	1.000	1.000	0.986	1.000	0.984	1.000	1.000	1.000	0.983	1.000	1.000	0.950	1.000	0.990	0.983	0.000	1.000	0.990	1.000	1.000	0.974	1.000	1.000	1.000	1.000	0.978
SPLETNE TEHNOLOGIJE	0.926	0.958	0.979	0.931	0.755	0.929	0.769	0.932	0.898	0.768	0.687	0.671	0.707	0.897	0.742	0.913	0.872	0.910	0.910	0.993	0.993	0.763	0.993	0.637	0.937	0.738	0.386	0.799	0.880	0.720	0.595	0.687	0.912	0.689	0.580	0.724	1.000	0.000	0.601	0.940	0.811	0.839	0.915	0.506	0.942	0.832	0.794
RACUNALNISKA GRAFIKA	0.888	0.952	0.981	0.915	0.850	0.864	0.898	0.917	0.920	0.719	0.802	0.410	0.868	0.900	0.819	0.882	0.856	0.886	0.965	0.980	0.951	0.725	0.990	0.840	0.963	0.650	0.638	0.842	0.992	0.771	0.691	0.917	0.869	0.746	0.571	0.686	0.990	0.601	0.000	0.917	0.898	0.772	0.934	0.604	0.883	0.924	0.711
VGRAJENI SISTEMI	0.600	1.000	1.000	1.000	0.981	0.586	1.000	0.640	0.538	0.912	0.877	0.970	0.923	0.943	0.985	0.974	1.000	0.821	1.000	1.000	1.000	0.887	1.000	0.977	0.875	0.974	0.966	0.750	1.000	0.987	0.923	0.972	1.000	0.862	0.991	0.973	1.000	0.940	0.917	0.000	0.978	1.000	1.000	0.931	0.750	0.951	0.932
MULTIMEDIJSKE TEHNOLOGIJE	1.000	1.000	1.000	1.000	0.755	0.981	0.887	0.930	0.958	0.724	0.819	0.904	0.892	0.886	0.946	0.959	1.000	0.875	0.821	0.967	1.000	0.962	0.966	0.867	0.886	0.929	0.911	0.825	0.881	0.873	0.817	0.803	0.979	0.806	0.924	0.855	1.000	0.811	0.898	0.978	0.000	0.985	0.892	0.885	0.960	0.878	0.944
ORGANIZACIJA RACUNALNIKOV	1.000	0.956	0.952	0.675	0.987	0.855	0.903	1.000	1.000	1.000	1.000	0.722	0.930	1.000	0.811	0.849	0.646	1.000	1.000	0.975	0.929	0.877	1.000	0.880	0.979	0.734	0.739	1.000	1.000	0.862	0.919	0.933	0.771	1.000	0.606	0.910	0.974	0.839	0.772	1.000	0.985	0.000	1.000	0.841	0.760	1.000	0.607
UVOD V RACUNALNISTVO	1.000	1.000	1.000	1.000	0.860	0.971	1.000	1.000	1.000	0.860	0.903	0.979	0.952	0.815	1.000	0.970	1.000	0.923	0.885	1.000	1.000	0.968	1.000	0.976	0.952	1.000	0.956	0.810	0.929	0.925	0.955	0.938	1.000	0.850	0.991	0.986	1.000	0.915	0.934	1.000	0.892	1.000	0.000	0.965	0.939	0.914	0.945
GRAFICNO OBLIKOVANJE	0.932	0.945	0.963	0.929	0.839	0.935	0.775	0.931	0.933	0.794	0.793	0.629	0.730	0.896	0.781	0.916	0.833	0.949	0.958	0.981	0.973	0.718	0.991	0.657	0.965	0.746	0.500	0.867	0.932	0.799	0.407	0.784	0.886	0.785	0.529	0.721	1.000	0.506	0.604	0.931	0.885	0.841	0.965	0.000	0.952	0.919	0.891
DIGITALNA VEZJA	0.861	0.967	0.963	0.943	0.983	0.576	1.000	0.889	0.842	0.938	0.932	0.887	0.944	0.951	1.000	0.929	0.979	0.917	1.000	1.000	0.926	0.864	1.000	0.945	0.935	0.895	0.943	0.870	1.000	0.936	0.917	0.974	0.897	0.904	0.881	0.934	1.000	0.942	0.883	0.750	0.960	0.760	0.939	0.952	0.000	0.979	0.768
PROJEKTNI PRAKTIKUM (IZBIRNI)	0.952	1.000	1.000	1.000	0.788	1.000	0.900	0.897	0.932	0.776	0.776	0.963	0.855	0.789	0.944	0.957	1.000	0.950	0.838	1.000	1.000	0.974	1.000	0.912	0.875	0.952	0.952	0.877	0.778	0.925	0.897	0.738	1.000	0.761	0.967	0.865	1.000	0.832	0.924	0.951	0.878	1.000	0.914	0.919	0.979	0.000	0.971
VHODNO-IZHODNE NAPRAVE	0.968	0.962	0.959	0.846	0.975	0.889	0.897	0.950	0.953	0.929	0.915	0.703	0.924	0.952	0.855	0.885	0.839	0.931	0.932	1.000	0.960	0.860	1.000	0.888	0.923	0.695	0.744	0.923	0.968	0.795	0.896	0.948	0.862	0.916	0.694	0.882	0.978	0.794	0.711	0.932	0.944	0.607	0.945	0.891	0.768	0.971	0.000
